+----+--------------+-------+--------------------------+-----------------------+---------------------+--------------+-----------+------------------+-------------------+-------------------+---------------------+---------------------------+-----------------------+----------------+-----------------+----------------+--------------+-----------------+
|    | vid_name     |   tow |   vid_presence_precision |   vid_presence_recall |   vid_num_predicted |   vid_num_gt |   vid_mse |   true_positives |   false_positives |   false_negatives |   individual_recall |   proportion_saved_frames |   num_included_frames |   saved_frames |   num_instances |   num_detected |   vid_frames |   num_gt_frames |
|----+--------------+-------+--------------------------+-----------------------+---------------------+--------------+-----------+------------------+-------------------+-------------------+---------------------+---------------------------+-----------------------+----------------+-----------------+----------------+--------------+-----------------|
| 15 | T16_REC_0001 |    16 |                     0.55 |                  0.79 |                   1 |            7 |        36 |              617 |               506 |               161 |                1    |                      0.94 |                  1123 |          16910 |               7 |              7 |        18033 |             778 |
| 20 | T16_REC_0002 |    16 |                     0.16 |                  0.79 |                   1 |            7 |        36 |              172 |               896 |                46 |                1    |                      0.94 |                  1068 |          16965 |               7 |              7 |        18033 |             218 |
| 30 | T16_REC_0003 |    16 |                     0.53 |                  0.86 |                   1 |            8 |        49 |             1345 |              1202 |               218 |                1    |                      0.86 |                  2547 |          15486 |               8 |              8 |        18033 |            1563 |
| 17 | T16_REC_0004 |    16 |                     0.29 |                  0.82 |                   1 |           15 |       196 |              606 |              1484 |               133 |                0.93 |                      0.88 |                  2090 |          15943 |              15 |             14 |        18033 |             739 |
| 40 | T16_REC_0005 |    16 |                     0.13 |                  0.73 |                   1 |           11 |       100 |              414 |              2880 |               157 |                1    |                      0.82 |                  3294 |          14739 |              11 |             11 |        18033 |             571 |
| 43 | T16_REC_0006 |    16 |                     0.1  |                  0.77 |                   1 |           11 |       100 |              222 |              1959 |                65 |                0.91 |                      0.88 |                  2181 |          15852 |              11 |             10 |        18033 |             287 |
| 28 | T16_REC_0007 |    16 |                     0.16 |                  0.86 |                   1 |            7 |        36 |              191 |              1009 |                30 |                1    |                      0.93 |                  1200 |          16833 |               7 |              7 |        18033 |             221 |
| 16 | T16_REC_0008 |    16 |                     0.14 |                  0.87 |                   1 |            4 |         9 |              116 |               720 |                18 |                1    |                      0.95 |                   836 |          17197 |               4 |              4 |        18033 |             134 |
| 50 | T16_REC_0009 |    16 |                     0.18 |                  0.85 |                   1 |           12 |       121 |              353 |              1633 |                61 |                1    |                      0.89 |                  1986 |          16047 |              12 |             12 |        18033 |             414 |
| 34 | T16_REC_0010 |    16 |                     0.47 |                  0.8  |                   1 |           22 |       441 |              988 |              1125 |               243 |                1    |                      0.88 |                  2113 |          15920 |              22 |             22 |        18033 |            1231 |
| 26 | T16_REC_0011 |    16 |                     0.21 |                  0.68 |                   1 |           15 |       196 |              364 |              1366 |               174 |                1    |                      0.9  |                  1730 |          16303 |              15 |             15 |        18033 |             538 |
| 10 | T16_REC_0012 |    16 |                     0.34 |                  0.68 |                   1 |           19 |       324 |              511 |              1011 |               242 |                1    |                      0.92 |                  1522 |          16511 |              19 |             19 |        18033 |             753 |
|  1 | T16_REC_0013 |    16 |                     0.13 |                  0.51 |                   1 |           10 |        81 |              165 |              1120 |               157 |                1    |                      0.93 |                  1285 |          16748 |              10 |             10 |        18033 |             322 |
| 11 | T16_REC_0014 |    16 |                     0.15 |                  0.7  |                   1 |            5 |        16 |              122 |               688 |                53 |                1    |                      0.96 |                   810 |          17223 |               5 |              5 |        18033 |             175 |
| 36 | T16_REC_0015 |    16 |                     0.43 |                  0.8  |                   1 |           10 |        81 |              387 |               511 |                94 |                0.9  |                      0.95 |                   898 |          17135 |              10 |              9 |        18033 |             481 |
| 45 | T16_REC_0016 |    16 |                     0.13 |                  0.66 |                   1 |            4 |         9 |              168 |              1083 |                85 |                1    |                      0.93 |                  1251 |          16782 |               4 |              4 |        18033 |             253 |
| 44 | T16_REC_0017 |    16 |                     0.02 |                  0.27 |                   1 |            1 |         0 |               10 |               531 |                27 |                1    |                      0.96 |                   541 |          13360 |               1 |              1 |        13901 |              37 |
| 42 | T18_REC_0001 |    18 |                     0.16 |                  0.5  |                   1 |            2 |         1 |               84 |               443 |                83 |                1    |                      0.97 |                   527 |          17506 |               2 |              2 |        18033 |             167 |
| 23 | T18_REC_0002 |    18 |                     0.57 |                  0.64 |                   1 |            7 |        36 |              246 |               188 |               139 |                1    |                      0.98 |                   434 |          17599 |               7 |              7 |        18033 |             385 |
|  4 | T18_REC_0003 |    18 |                     0.49 |                  0.55 |                   1 |            3 |         4 |               57 |                59 |                47 |                1    |                      0.99 |                   116 |          17917 |               3 |              3 |        18033 |             104 |
|  2 | T18_REC_0004 |    18 |                     0.53 |                  0.62 |                   1 |           11 |       100 |              267 |               233 |               161 |                1    |                      0.97 |                   500 |          17533 |              11 |             11 |        18033 |             428 |
| 24 | T18_REC_0005 |    18 |                     0.82 |                  0.74 |                   1 |            4 |         9 |               98 |                22 |                34 |                1    |                      0.99 |                   120 |          17913 |               4 |              4 |        18033 |             132 |
| 41 | T18_REC_0006 |    18 |                     0.66 |                  0.53 |                   1 |           12 |       121 |              322 |               165 |               285 |                0.92 |                      0.97 |                   487 |          17546 |              12 |             11 |        18033 |             607 |
| 29 | T18_REC_0007 |    18 |                     0.83 |                  0.7  |                   1 |           10 |        81 |              282 |                56 |               119 |                0.9  |                      0.98 |                   338 |          17695 |              10 |              9 |        18033 |             401 |
| 49 | T18_REC_0008 |    18 |                     0.46 |                  0.76 |                   1 |            3 |         4 |               95 |               112 |                30 |                1    |                      0.99 |                   207 |          17825 |               3 |              3 |        18032 |             125 |
| 33 | T18_REC_0009 |    18 |                     0.87 |                  0.75 |                   1 |           18 |       289 |             1276 |               185 |               415 |                1    |                      0.92 |                  1461 |          16572 |              18 |             18 |        18033 |            1691 |
|  7 | T18_REC_0010 |    18 |                     0.81 |                  0.74 |                   1 |            9 |        64 |              671 |               154 |               237 |                1    |                      0.95 |                   825 |          17208 |               9 |              9 |        18033 |             908 |
|  9 | T18_REC_0011 |    18 |                     0.24 |                  0.68 |                   1 |            6 |        25 |              159 |               501 |                76 |                1    |                      0.96 |                   660 |          17373 |               6 |              6 |        18033 |             235 |
| 27 | T18_REC_0012 |    18 |                     0.4  |                  0.53 |                   1 |           13 |       144 |              342 |               522 |               309 |                0.85 |                      0.95 |                   864 |          17169 |              13 |             11 |        18033 |             651 |
| 18 | T18_REC_0013 |    18 |                     0.6  |                  0.63 |                   1 |           23 |       484 |              725 |               484 |               423 |                1    |                      0.93 |                  1209 |          16824 |              23 |             23 |        18033 |            1148 |
| 19 | T18_REC_0014 |    18 |                     0.38 |                  0.63 |                   1 |           13 |       144 |              365 |               602 |               218 |                0.92 |                      0.95 |                   967 |          17066 |              13 |             12 |        18033 |             583 |
| 48 | T18_REC_0015 |    18 |                     0    |                  0    |                   1 |            0 |         1 |                0 |               525 |                 0 |                1    |                      0.96 |                   525 |          13888 |               0 |              0 |        14413 |               0 |
| 35 | T20_REC_0001 |    20 |                     0.25 |                  0.47 |                   1 |            5 |        16 |               60 |               184 |                69 |                0.8  |                      0.99 |                   244 |          17789 |               5 |              4 |        18033 |             129 |
|  5 | T20_REC_0002 |    20 |                     0.06 |                  0.12 |                   1 |            6 |        25 |               24 |               355 |               177 |                0.5  |                      0.98 |                   379 |          17654 |               6 |              3 |        18033 |             201 |
| 14 | T20_REC_0003 |    20 |                     0.53 |                  0.46 |                   1 |           18 |       289 |              339 |               303 |               404 |                0.89 |                      0.96 |                   642 |          17391 |              18 |             16 |        18033 |             743 |
| 37 | T20_REC_0004 |    20 |                     0.61 |                  0.29 |                   1 |           19 |       324 |              518 |               333 |              1298 |                0.89 |                      0.95 |                   851 |          17182 |              19 |             17 |        18033 |            1816 |
|  8 | T20_REC_0005 |    20 |                     0.34 |                  0.51 |                   1 |           23 |       484 |              530 |              1008 |               503 |                0.87 |                      0.91 |                  1538 |          16495 |              23 |             20 |        18033 |            1033 |
| 25 | T20_REC_0006 |    20 |                     0.09 |                  0.46 |                   1 |            5 |        16 |               56 |               592 |                67 |                1    |                      0.96 |                   648 |          17385 |               5 |              5 |        18033 |             123 |
| 47 | T20_REC_0007 |    20 |                     0.3  |                  0.43 |                   1 |           12 |       121 |              214 |               488 |               288 |                0.92 |                      0.96 |                   702 |          17331 |              12 |             11 |        18033 |             502 |
| 21 | T20_REC_0008 |    20 |                     0.14 |                  0.46 |                   1 |           16 |       225 |              357 |              2171 |               424 |                1    |                      0.86 |                  2528 |          15505 |              16 |             16 |        18033 |             781 |
|  6 | T20_REC_0009 |    20 |                     0.77 |                  0.35 |                   1 |           13 |       144 |              319 |                96 |               589 |                0.85 |                      0.98 |                   415 |          17618 |              13 |             11 |        18033 |             908 |
| 12 | T20_REC_0010 |    20 |                     0.72 |                  0.52 |                   1 |           13 |       144 |              384 |               151 |               351 |                1    |                      0.97 |                   535 |          17498 |              13 |             13 |        18033 |             735 |
| 32 | T20_REC_0011 |    20 |                     0.7  |                  0.51 |                   1 |           15 |       196 |              581 |               246 |               568 |                1    |                      0.95 |                   827 |          17206 |              15 |             15 |        18033 |            1149 |
| 51 | T20_REC_0012 |    20 |                     0.12 |                  0.56 |                   1 |           19 |       324 |              565 |              4315 |               436 |                1    |                      0.73 |                  4880 |          13153 |              19 |             19 |        18033 |            1001 |
| 39 | T20_REC_0013 |    20 |                     0.25 |                  0.62 |                   1 |           21 |       400 |              667 |              1949 |               408 |                1    |                      0.85 |                  2616 |          15417 |              21 |             21 |        18033 |            1075 |
|  0 | T20_REC_0014 |    20 |                     0.26 |                  0.59 |                   1 |           19 |       324 |              717 |              2005 |               494 |                1    |                      0.85 |                  2722 |          15311 |              19 |             19 |        18033 |            1211 |
| 31 | T20_REC_0015 |    20 |                     0.49 |                  0.65 |                   1 |           19 |       324 |             1135 |              1159 |               621 |                1    |                      0.87 |                  2294 |          15739 |              19 |             19 |        18033 |            1756 |
| 22 | T20_REC_0016 |    20 |                     0.5  |                  0.62 |                   1 |           24 |       529 |             1350 |              1377 |               811 |                0.96 |                      0.85 |                  2727 |          15306 |              24 |             23 |        18033 |            2161 |
| 13 | T20_REC_0017 |    20 |                     0.7  |                  0.68 |                   1 |           43 |      1764 |             2526 |              1058 |              1172 |                0.98 |                      0.8  |                  3584 |          14449 |              43 |             42 |        18033 |            3698 |
| 38 | T20_REC_0018 |    20 |                     0.48 |                  0.63 |                   1 |           27 |       676 |              949 |              1041 |               567 |                1    |                      0.89 |                  1990 |          16043 |              27 |             27 |        18033 |            1516 |
| 46 | T20_REC_0019 |    20 |                     0.49 |                  0.63 |                   1 |           29 |       784 |             1366 |              1446 |               786 |                0.97 |                      0.84 |                  2812 |          15221 |              29 |             28 |        18033 |            2152 |
|  3 | T20_REC_0020 |    20 |                     0.8  |                  0.68 |                   1 |           16 |       225 |             1144 |               292 |               535 |                1    |                      0.64 |                  1436 |           2512 |              16 |             16 |         3948 |            1679 |
+----+--------------+-------+--------------------------+-----------------------+---------------------+--------------+-----------+------------------+-------------------+-------------------+---------------------+---------------------------+-----------------------+----------------+-----------------+----------------+--------------+-----------------+